	states	||	BEGIN=0	|	SEP=1	|		EOL=2	|	EXPRESS=3	|	LRED(<)=4	|	DLRED(<<)=5	|	RRED(>)=6	| 	DRRED(>>)=7	|	PIPE(|)=8	|	BRK(')=9	|	DBRK(")=10	|	RBRK(`)=11	|
	NUL		||		2	|	-1		|		-1		|		-1		|		-1		|		-1		|		-1		|		-1		|		-1		|		-1		|		-1		|		-1		|
	SOH		||		-2	|	-2		|		-2		|		-2		|		-2		|		-2		|		-2		|		-2		|		-2		|		-2		|		-2		|		-2		|
	STX		||		-2	|	-2		|		-2		|		-2		|		-2		|		-2		|		-2		|		-2		|		-2		|		-2		|		-2		|		-2		|
	ETX		||		-2	|	-2		|		-2		|		-2		|		-2		|		-2		|		-2		|		-2		|		-2		|		-2		|		-2		|		-2		|
	EOT		||		-2	|	-2		|		-2		|		-2		|		-2		|		-2		|		-2		|		-2		|		-2		|		-2		|		-2		|		-2		|
	ENQ		||		-2	|	-2		|		-2		|		-2		|		-2		|		-2		|		-2		|		-2		|		-2		|		-2		|		-2		|		-2		|
	ACK		||		-2	|	-2		|		-2		|		-2		|		-2		|		-2		|		-2		|		-2		|		-2		|		-2		|		-2		|		-2		|
	BEL		||		-2	|	-2		|		-2		|		-2		|		-2		|		-2		|		-2		|		-2		|		-2		|		-2		|		-2		|		-2		|
	BS		||		-2	|	-2		|		-2		|		-2		|		-2		|		-2		|		-2		|		-2		|		-2		|		-2		|		-2		|		-2		|
	HT		||		-2	|	-2		|		-2		|		-2		|		-2		|		-2		|		-2		|		-2		|		-2		|		-2		|		-2		|		-2		|
	LF		||		-2	|	-2		|		-2		|		-2		|		-2		|		-2		|		-2		|		-2		|		-2		|		-2		|		-2		|		-2		|
	VT		||		-2	|	-2		|		-2		|		-2		|		-2		|		-2		|		-2		|		-2		|		-2		|		-2		|		-2		|		-2		|
	FF		||		-2	|	-2		|		-2		|		-2		|		-2		|		-2		|		-2		|		-2		|		-2		|		-2		|		-2		|		-2		|
	CR		||		-2	|	-2		|		-2		|		-2		|		-2		|		-2		|		-2		|		-2		|		-2		|		-2		|		-2		|		-2		|
	SO		||		-2	|	-2		|		-2		|		-2		|		-2		|		-2		|		-2		|		-2		|		-2		|		-2		|		-2		|		-2		|
	SI		||		-2	|	-2		|		-2		|		-2		|		-2		|		-2		|		-2		|		-2		|		-2		|		-2		|		-2		|		-2		|
	DLE		||		-2	|	-2		|		-2		|		-2		|		-2		|		-2		|		-2		|		-2		|		-2		|		-2		|		-2		|		-2		|
	DC1		||		-2	|	-2		|		-2		|		-2		|		-2		|		-2		|		-2		|		-2		|		-2		|		-2		|		-2		|		-2		|
	DC2		||		-2	|	-2		|		-2		|		-2		|		-2		|		-2		|		-2		|		-2		|		-2		|		-2		|		-2		|		-2		|
	DC3		||		-2	|	-2		|		-2		|		-2		|		-2		|		-2		|		-2		|		-2		|		-2		|		-2		|		-2		|		-2		|
	DC4		||		-2	|	-2		|		-2		|		-2		|		-2		|		-2		|		-2		|		-2		|		-2		|		-2		|		-2		|		-2		|
	NAK		||		-2	|	-2		|		-2		|		-2		|		-2		|		-2		|		-2		|		-2		|		-2		|		-2		|		-2		|		-2		|
	SYN		||		-2	|	-2		|		-2		|		-2		|		-2		|		-2		|		-2		|		-2		|		-2		|		-2		|		-2		|		-2		|
	ETB		||		-2	|	-2		|		-2		|		-2		|		-2		|		-2		|		-2		|		-2		|		-2		|		-2		|		-2		|		-2		|
	CAN		||		-2	|	-2		|		-2		|		-2		|		-2		|		-2		|		-2		|		-2		|		-2		|		-2		|		-2		|		-2		|
	EM		||		-2	|	-2		|		-2		|		-2		|		-2		|		-2		|		-2		|		-2		|		-2		|		-2		|		-2		|		-2		|
	SUB		||		-2	|	-2		|		-2		|		-2		|		-2		|		-2		|		-2		|		-2		|		-2		|		-2		|		-2		|		-2		|
	ESC		||		-2	|	-2		|		-2		|		-2		|		-2		|		-2		|		-2		|		-2		|		-2		|		-2		|		-2		|		-2		|
	FS		||		-2	|	-2		|		-2		|		-2		|		-2		|		-2		|		-2		|		-2		|		-2		|		-2		|		-2		|		-2		|
	GS		||		-2	|	-2		|		-2		|		-2		|		-2		|		-2		|		-2		|		-2		|		-2		|		-2		|		-2		|		-2		|
	RS		||		-2	|	-2		|		-2		|		-2		|		-2		|		-2		|		-2		|		-2		|		-2		|		-2		|		-2		|		-2		|
	US		||		-2	|	-2		|		-2		|		-2		|		-2		|		-2		|		-2		|		-2		|		-2		|		-2		|		-2		|		-2		|
	SPACE	||		3	|	-1		|		-1		|		3		|		-1		|		-1		|		-1		|		-1		|		-1		|		9		|		10		|		11		|
	!		||		3	|	-1		|		-1		|		3		|		-1		|		-1		|		-1		|		-1		|		-1		|		9		|		10		|		11		|
	"		||		3	|	-1		|		-1		|		10		|		-1		|		-1		|		-1		|		-1		|		-1		|		9		|		3		|		11		|
	#		||		3	|	-1		|		-1		|		3		|		-1		|		-1		|		-1		|		-1		|		-1		|		9		|		10		|		11		|
	$		||		3	|	-1		|		-1		|		3		|		-1		|		-1		|		-1		|		-1		|		-1		|		9		|		10		|		11		|
	%		||		3	|	-1		|		-1		|		3		|		-1		|		-1		|		-1		|		-1		|		-1		|		9		|		10		|		11		|
	&		||		3	|	-1		|		-1		|		3		|		-1		|		-1		|		-1		|		-1		|		-1		|		9		|		10		|		11		|
	'		||		9	|	-1		|		-1		|		9		|		-1		|		-1		|		-1		|		-1		|		-1		|		3		|		10		|		11		|
	(		||		3	|	-1		|		-1		|		3		|		-1		|		-1		|		-1		|		-1		|		-1		|		9		|		10		|		11		|
	)		||		3	|	-1		|		-1		|		3		|		-1		|		-1		|		-1		|		-1		|		-1		|		9		|		10		|		11		|
	*		||		3	|	-1		|		-1		|		3		|		-1		|		-1		|		-1		|		-1		|		-1		|		9		|		10		|		11		|
	+		||		3	|	-1		|		-1		|		3		|		-1		|		-1		|		-1		|		-1		|		-1		|		9		|		10		|		11		|
	,		||		3	|	-1		|		-1		|		3		|		-1		|		-1		|		-1		|		-1		|		-1		|		9		|		10		|		11		|
	-		||		3	|	-1		|		-1		|		3		|		-1		|		-1		|		-1		|		-1		|		-1		|		9		|		10		|		11		|
	.		||		3	|	-1		|		-1		|		3		|		-1		|		-1		|		-1		|		-1		|		-1		|		9		|		10		|		11		|
	/		||		3	|	-1		|		-1		|		3		|		-1		|		-1		|		-1		|		-1		|		-1		|		9		|		10		|		11		|
	0		||		3	|	-1		|		-1		|		3		|		-1		|		-1		|		-1		|		-1		|		-1		|		9		|		10		|		11		|
	1		||		3	|	-1		|		-1		|		3		|		-1		|		-1		|		-1		|		-1		|		-1		|		9		|		10		|		11		|
	2		||		3	|	-1		|		-1		|		3		|		-1		|		-1		|		-1		|		-1		|		-1		|		9		|		10		|		11		|
	3		||		3	|	-1		|		-1		|		3		|		-1		|		-1		|		-1		|		-1		|		-1		|		9		|		10		|		11		|
	4		||		3	|	-1		|		-1		|		3		|		-1		|		-1		|		-1		|		-1		|		-1		|		9		|		10		|		11		|
	5		||		3	|	-1		|		-1		|		3		|		-1		|		-1		|		-1		|		-1		|		-1		|		9		|		10		|		11		|
	6		||		3	|	-1		|		-1		|		3		|		-1		|		-1		|		-1		|		-1		|		-1		|		9		|		10		|		11		|
	7		||		3	|	-1		|		-1		|		3		|		-1		|		-1		|		-1		|		-1		|		-1		|		9		|		10		|		11		|
	8		||		3	|	-1		|		-1		|		3		|		-1		|		-1		|		-1		|		-1		|		-1		|		9		|		10		|		11		|
	9		||		3	|	-1		|		-1		|		3		|		-1		|		-1		|		-1		|		-1		|		-1		|		9		|		10		|		11		|
	:		||		3	|	-1		|		-1		|		3		|		-1		|		-1		|		-1		|		-1		|		-1		|		9		|		10		|		11		|
	;		||		1	|	-1		|		-1		|		-1		|		-1		|		-1		|		-1		|		-1		|		-1		|		9		|		10		|		11		|
	<		||		4	|	-1		|		-1		|		-1		|		5		|		-1		|		-1		|		-1		|		-1		|		9		|		10		|		11		|
	=		||		3	|	-1		|		-1		|		3		|		-1		|		-1		|		-1		|		-1		|		-1		|		9		|		10		|		11		|
	>		||		6	|	-1		|		-1		|		-1		|		-1		|		-1		|		7		|		-1		|		-1		|		9		|		10		|		11		|
	?		||		3	|	-1		|		-1		|		3		|		-1		|		-1		|		-1		|		-1		|		-1		|		9		|		10		|		11		|
	@		||		3	|	-1		|		-1		|		3		|		-1		|		-1		|		-1		|		-1		|		-1		|		9		|		10		|		11		|
	A		||		3	|	-1		|		-1		|		3		|		-1		|		-1		|		-1		|		-1		|		-1		|		9		|		10		|		11		|
	B		||		3	|	-1		|		-1		|		3		|		-1		|		-1		|		-1		|		-1		|		-1		|		9		|		10		|		11		|
	C		||		3	|	-1		|		-1		|		3		|		-1		|		-1		|		-1		|		-1		|		-1		|		9		|		10		|		11		|
	D		||		3	|	-1		|		-1		|		3		|		-1		|		-1		|		-1		|		-1		|		-1		|		9		|		10		|		11		|
	E		||		3	|	-1		|		-1		|		3		|		-1		|		-1		|		-1		|		-1		|		-1		|		9		|		10		|		11		|
	F		||		3	|	-1		|		-1		|		3		|		-1		|		-1		|		-1		|		-1		|		-1		|		9		|		10		|		11		|
	G		||		3	|	-1		|		-1		|		3		|		-1		|		-1		|		-1		|		-1		|		-1		|		9		|		10		|		11		|
	H		||		3	|	-1		|		-1		|		3		|		-1		|		-1		|		-1		|		-1		|		-1		|		9		|		10		|		11		|
	I		||		3	|	-1		|		-1		|		3		|		-1		|		-1		|		-1		|		-1		|		-1		|		9		|		10		|		11		|
	J		||		3	|	-1		|		-1		|		3		|		-1		|		-1		|		-1		|		-1		|		-1		|		9		|		10		|		11		|
	K		||		3	|	-1		|		-1		|		3		|		-1		|		-1		|		-1		|		-1		|		-1		|		9		|		10		|		11		|
	L		||		3	|	-1		|		-1		|		3		|		-1		|		-1		|		-1		|		-1		|		-1		|		9		|		10		|		11		|
	M		||		3	|	-1		|		-1		|		3		|		-1		|		-1		|		-1		|		-1		|		-1		|		9		|		10		|		11		|
	N		||		3	|	-1		|		-1		|		3		|		-1		|		-1		|		-1		|		-1		|		-1		|		9		|		10		|		11		|
	O		||		3	|	-1		|		-1		|		3		|		-1		|		-1		|		-1		|		-1		|		-1		|		9		|		10		|		11		|
	P		||		3	|	-1		|		-1		|		3		|		-1		|		-1		|		-1		|		-1		|		-1		|		9		|		10		|		11		|
	Q		||		3	|	-1		|		-1		|		3		|		-1		|		-1		|		-1		|		-1		|		-1		|		9		|		10		|		11		|
	R		||		3	|	-1		|		-1		|		3		|		-1		|		-1		|		-1		|		-1		|		-1		|		9		|		10		|		11		|
	S		||		3	|	-1		|		-1		|		3		|		-1		|		-1		|		-1		|		-1		|		-1		|		9		|		10		|		11		|
	T		||		3	|	-1		|		-1		|		3		|		-1		|		-1		|		-1		|		-1		|		-1		|		9		|		10		|		11		|
	U		||		3	|	-1		|		-1		|		3		|		-1		|		-1		|		-1		|		-1		|		-1		|		9		|		10		|		11		|
	V		||		3	|	-1		|		-1		|		3		|		-1		|		-1		|		-1		|		-1		|		-1		|		9		|		10		|		11		|
	W		||		3	|	-1		|		-1		|		3		|		-1		|		-1		|		-1		|		-1		|		-1		|		9		|		10		|		11		|
	X		||		3	|	-1		|		-1		|		3		|		-1		|		-1		|		-1		|		-1		|		-1		|		9		|		10		|		11		|
	Y		||		3	|	-1		|		-1		|		3		|		-1		|		-1		|		-1		|		-1		|		-1		|		9		|		10		|		11		|
	Z		||		3	|	-1		|		-1		|		3		|		-1		|		-1		|		-1		|		-1		|		-1		|		9		|		10		|		11		|
	[		||		3	|	-1		|		-1		|		3		|		-1		|		-1		|		-1		|		-1		|		-1		|		9		|		10		|		11		|
	\		||		3	|	-1		|		-1		|		3		|		-1		|		-1		|		-1		|		-1		|		-1		|		9		|		10		|		11		|
	]		||		3	|	-1		|		-1		|		3		|		-1		|		-1		|		-1		|		-1		|		-1		|		9		|		10		|		11		|
	^		||		3	|	-1		|		-1		|		3		|		-1		|		-1		|		-1		|		-1		|		-1		|		9		|		10		|		11		|
	_		||		3	|	-1		|		-1		|		3		|		-1		|		-1		|		-1		|		-1		|		-1		|		9		|		10		|		11		|
	`		||		3	|	-1		|		-1		|		11		|		-1		|		-1		|		-1		|		-1		|		-1		|		9		|		10		|		3		|
	a		||		3	|	-1		|		-1		|		3		|		-1		|		-1		|		-1		|		-1		|		-1		|		9		|		10		|		11		|
	b		||		3	|	-1		|		-1		|		3		|		-1		|		-1		|		-1		|		-1		|		-1		|		9		|		10		|		11		|
	c		||		3	|	-1		|		-1		|		3		|		-1		|		-1		|		-1		|		-1		|		-1		|		9		|		10		|		11		|
	d		||		3	|	-1		|		-1		|		3		|		-1		|		-1		|		-1		|		-1		|		-1		|		9		|		10		|		11		|
	e		||		3	|	-1		|		-1		|		3		|		-1		|		-1		|		-1		|		-1		|		-1		|		9		|		10		|		11		|
	f		||		3	|	-1		|		-1		|		3		|		-1		|		-1		|		-1		|		-1		|		-1		|		9		|		10		|		11		|
	g		||		3	|	-1		|		-1		|		3		|		-1		|		-1		|		-1		|		-1		|		-1		|		9		|		10		|		11		|
	h		||		3	|	-1		|		-1		|		3		|		-1		|		-1		|		-1		|		-1		|		-1		|		9		|		10		|		11		|
	i		||		3	|	-1		|		-1		|		3		|		-1		|		-1		|		-1		|		-1		|		-1		|		9		|		10		|		11		|
	j		||		3	|	-1		|		-1		|		3		|		-1		|		-1		|		-1		|		-1		|		-1		|		9		|		10		|		11		|
	k		||		3	|	-1		|		-1		|		3		|		-1		|		-1		|		-1		|		-1		|		-1		|		9		|		10		|		11		|
	l		||		3	|	-1		|		-1		|		3		|		-1		|		-1		|		-1		|		-1		|		-1		|		9		|		10		|		11		|
	m		||		3	|	-1		|		-1		|		3		|		-1		|		-1		|		-1		|		-1		|		-1		|		9		|		10		|		11		|
	n		||		3	|	-1		|		-1		|		3		|		-1		|		-1		|		-1		|		-1		|		-1		|		9		|		10		|		11		|
	o		||		3	|	-1		|		-1		|		3		|		-1		|		-1		|		-1		|		-1		|		-1		|		9		|		10		|		11		|
	p		||		3	|	-1		|		-1		|		3		|		-1		|		-1		|		-1		|		-1		|		-1		|		9		|		10		|		11		|
	q		||		3	|	-1		|		-1		|		3		|		-1		|		-1		|		-1		|		-1		|		-1		|		9		|		10		|		11		|
	r		||		3	|	-1		|		-1		|		3		|		-1		|		-1		|		-1		|		-1		|		-1		|		9		|		10		|		11		|
	s		||		3	|	-1		|		-1		|		3		|		-1		|		-1		|		-1		|		-1		|		-1		|		9		|		10		|		11		|
	t		||		3	|	-1		|		-1		|		3		|		-1		|		-1		|		-1		|		-1		|		-1		|		9		|		10		|		11		|
	u		||		3	|	-1		|		-1		|		3		|		-1		|		-1		|		-1		|		-1		|		-1		|		9		|		10		|		11		|
	v		||		3	|	-1		|		-1		|		3		|		-1		|		-1		|		-1		|		-1		|		-1		|		9		|		10		|		11		|
	w		||		3	|	-1		|		-1		|		3		|		-1		|		-1		|		-1		|		-1		|		-1		|		9		|		10		|		11		|
	x		||		3	|	-1		|		-1		|		3		|		-1		|		-1		|		-1		|		-1		|		-1		|		9		|		10		|		11		|
	y		||		3	|	-1		|		-1		|		3		|		-1		|		-1		|		-1		|		-1		|		-1		|		9		|		10		|		11		|
	z		||		3	|	-1		|		-1		|		3		|		-1		|		-1		|		-1		|		-1		|		-1		|		9		|		10		|		11		|
	{		||		3	|	-1		|		-1		|		3		|		-1		|		-1		|		-1		|		-1		|		-1		|		9		|		10		|		11		|
	|		||		8	|	-1		|		-1		|		-1		|		-1		|		-1		|		-1		|		-1		|		-1		|		9		|		10		|		11		|
	}		||		3	|	-1		|		-1		|		3		|		-1		|		-1		|		-1		|		-1		|		-1		|		9		|		10		|		11		|
	~		||		3	|	-1		|		-1		|		3		|		-1		|		-1		|		-1		|		-1		|		-1		|		9		|		10		|		11		|
	DEL		||		-2	|	-2		|		-2		|		-2		|		-2		|		-2		|		-2		|		-2		|		-2		|		-2		|		-2		|		-2		|
