							||	BEGIN=0	|	SEP=1	|		EOL=2	|	EXPRESS=3	|	SPACE=4	|	LRED(<)=5	|	DLRED(<<)=6	|	RRED(>)=7	| 	DRRED(>>)=8	|	PIPE(|)=9	|	BRKO(')=10	|	BRKC(')=11	|	DBRKO(")=12	|	DBRKC(")=13	|	RBRKO(`)=14	|	RBRKC(`)=15	|	NUM(0-9)=16	|	(0)=17	|	(1)=18	|	(2)=19	|	ERRED(2>)=20	|	EDRRED(2>>)=21	|	(&)=22	|	ARRED(&>)=23	|	(>&)=24	|	ADRRED(&>>)=25	|	(>>&)=26	|	(-)=27	|	CLOSE_FD(i>&j)=28	|
	BEGIN=0					||		0	|		0	|		0		|		0		|		0	|		0		|		0		|		0		|		0		|		0		|		-2		|		0		|		-2		|		0		|		-2		|		0		|		0		|	0		|		0	|		0	|		0			|		0			|		0	|			0		|	0		|			0		|		0		|	0		|			0			|
	SEP=1					||		0	|		0	|		0		|		0		|		0	|		0		|		0		|		0		|		0		|		0		|		-2		|		0		|		-2		|		0		|		-2		|		0		|		0		|	0		|		0	|		0	|		0			|		0			|		0	|			0		|	0		|			0		|		0		|	0		|			0			|
	EOL=2					||		0	|		0	|		0		|		0		|		0	|		0		|		0		|		0		|		0		|		0		|		-2		|		0		|		-2		|		0		|		-2		|		0		|		0		|	0		|		0	|		0	|		0			|		0			|		0	|			0		|	0		|			0		|		0		|	0		|			0			|
	EXPRESS=3				||		0	|		0	|		0		|		3		|		3	|		0		|		0		|		0		|		0		|		0		|		-2		|		3		|		-2		|		3		|		-2		|		3		|		3		|	3		|		3	|		3	|		0			|		0			|		0	|			0		|	0		|			0		|		0		|	3		|			0			|
	SPACE=4					||		0	|		0	|		0		|		3		|		-3	|		0		|		0		|		0		|		0		|		0		|		-2		|		3		|		-2		|		3		|		-2		|		3		|		3		|	3		|		3	|		3	|		0			|		0			|		3	|			0		|	0		|			0		|		0		|	3		|			0			|
	LRED(<)=5				||		0	|		0	|		0		|		0		|		0	|		0		|		0		|		0		|		0		|		0		|		-2		|		0		|		-2		|		0		|		-2		|		0		|		0		|	0		|		0	|		0	|		0			|		0			|		0	|			0		|	0		|			0		|		0		|	0		|			0			|
	DLRED(<<)=6				||		0	|		0	|		0		|		0		|		0	|		0		|		0		|		0		|		0		|		0		|		-2		|		0		|		-2		|		0		|		-2		|		0		|		0		|	0		|		0	|		0	|		0			|		0			|		0	|			0		|	0		|			0		|		0		|	0		|			0			|
	RRED(>)=7				||		0	|		0	|		0		|		0		|		0	|		0		|		0		|		0		|		0		|		0		|		-2		|		0		|		-2		|		0		|		-2		|		0		|		0		|	0		|		0	|		0	|		0			|		0			|		0	|			0		|	0		|			0		|		0		|	0		|			0			|
	DRRED(>>)=8				||		0	|		0	|		0		|		0		|		0	|		0		|		0		|		0		|		0		|		0		|		-2		|		0		|		-2		|		0		|		-2		|		0		|		0		|	0		|		0	|		0	|		0			|		0			|		0	|			0		|	0		|			0		|		0		|	0		|			0			|
	PIPE(|)=9				||		0	|		0	|		0		|		0		|		0	|		0		|		0		|		0		|		0		|		0		|		-2		|		0		|		-2		|		0		|		-2		|		0		|		0		|	0		|		0	|		0	|		0			|		0			|		0	|			0		|	0		|			0		|		0		|	0		|			0			|
	BRKO(')=10				||		-2	|		-2	|		-2		|		-2		|		-2	|		-2		|		-2		|		-2		|		-2		|		-2		|		-2		|		-2		|		-2		|		-2		|		-2		|		-2		|		-2		|	-2		|		-2	|		-2	|		-2			|		-2			|		-2	|			-2		|	-2		|			-2		|		-2		|	-2		|			-2			|
	BRKC(')=11				||		0	|		0	|		0		|		3		|		3	|		0		|		0		|		0		|		0		|		0		|		-2		|		3		|		-2		|		3		|		-2		|		3		|		3		|	3		|		3	|		3	|		0			|		0			|		0	|			0		|	0		|			0		|		0		|	3		|			0			|
	DBRKO(")=12				||		-2	|		-2	|		-2		|		-2		|		-2	|		-2		|		-2		|		-2		|		-2		|		-2		|		-2		|		-2		|		-2		|		-2		|		-2		|		-2		|		-2		|	-2		|		-2	|		-2	|		-2			|		-2			|		-2	|			-2		|	-2		|			-2		|		-2		|	-2		|			-2			|
	DBRKC(")=13				||		0	|		0	|		0		|		3		|		3	|		0		|		0		|		0		|		0		|		0		|		-2		|		3		|		-2		|		3		|		-2		|		3		|		3		|	3		|		3	|		3	|		0			|		0			|		0	|			0		|	0		|			0		|		0		|	3		|			0			|
	RBRKO(`)=14				||		-2	|		-2	|		-2		|		-2		|		-2	|		-2		|		-2		|		-2		|		-2		|		-2		|		-2		|		-2		|		-2		|		-2		|		-2		|		-2		|		-2		|	-2		|		-2	|		-2	|		-2			|		-2			|		-2	|			-2		|	-2		|			-2		|		-2		|	-2		|			-2			|
	RBRKC(`)=15				||		0	|		0	|		0		|		3		|		3	|		0		|		0		|		0		|		0		|		0		|		-2		|		3		|		-2		|		3		|		-2		|		3		|		3		|	3		|		3	|		3	|		0			|		0			|		0	|			0		|	0		|			0		|		0		|	3		|			0			|
	NUM(0-9)=16				||		0	|		0	|		0		|		3		|		3	|		0		|		0		|		0		|		0		|		0		|		-2		|		3		|		-2		|		3		|		-2		|		3		|		16		|	16		|		16	|		16	|		0			|		0			|		0	|			0		|	28		|			0		|		0		|	3		|			0			|
	(0)=17					||		0	|		0	|		0		|		3		|		3	|		0		|		0		|		0		|		0		|		0		|		-2		|		3		|		-2		|		3		|		-2		|		3		|		16		|	16		|		16	|		16	|		0			|		0			|		0	|			0		|	28		|			0		|		0		|	3		|			0			|
	(1)=18					||		0	|		0	|		0		|		3		|		3	|		0		|		0		|		7		|		8		|		0		|		-2		|		3		|		-2		|		3		|		-2		|		3		|		16		|	16		|		16	|		16	|		0			|		0			|		0	|			0		|	28		|			0		|		0		|	3		|			0			|
	(2)=19					||		0	|		0	|		0		|		3		|		3	|		0		|		0		|		20		|		21		|		0		|		-2		|		3		|		-2		|		3		|		-2		|		3		|		16		|	16		|		16	|		16	|		0			|		0			|		0	|			0		|	28		|			0		|		0		|	3		|			0			|
	ERRED(2>)=20			||		0	|		0	|		0		|		0		|		0	|		0		|		0		|		0		|		0		|		0		|		-2		|		0		|		-2		|		0		|		-2		|		0		|		0		|	0		|		0	|		0	|		0			|		0			|		0	|			0		|	0		|			0		|		0		|	0		|			0			|
	EDRRED(2>>)=21			||		0	|		0	|		0		|		0		|		0	|		0		|		0		|		0		|		0		|		0		|		-2		|		0		|		-2		|		0		|		-2		|		0		|		0		|	0		|		0	|		0	|		0			|		0			|		0	|			0		|	0		|			0		|		0		|	0		|			0			|
	(&)=22					||		0	|		0	|		0		|		3		|		3	|		0		|		0		|		0		|		0		|		0		|		-2		|		3		|		-2		|		3		|		-2		|		3		|		3		|	3		|		3	|		3	|		0			|		0			|		3	|			0		|	0		|			0		|		0		|	3		|			0			|
	ARRED(&>)=23			||		0	|		0	|		0		|		0		|		0	|		0		|		0		|		0		|		0		|		0		|		-2		|		0		|		-2		|		0		|		-2		|		0		|		0		|	0		|		0	|		0	|		0			|		0			|		0	|			0		|	0		|			0		|		0		|	0		|			0			|
	(>&)=24					||		0	|		0	|		0		|		0		|		0	|		0		|		0		|		0		|		0		|		0		|		-2		|		0		|		-2		|		0		|		-2		|		0		|		28		|	28		|		28	|		28	|		0			|		0			|		0	|			0		|	0		|			0		|		0		|	28		|			0			|
	ADRRED(&>>)=25			||		0	|		0	|		0		|		0		|		0	|		0		|		0		|		0		|		0		|		0		|		-2		|		0		|		-2		|		0		|		-2		|		0		|		0		|	0		|		0	|		0	|		0			|		0			|		0	|			0		|	0		|			0		|		0		|	0		|			0			|
	(>>&)=26				||		0	|		0	|		0		|		0		|		0	|		0		|		0		|		0		|		0		|		0		|		-2		|		0		|		-2		|		0		|		-2		|		0		|		0		|	0		|		0	|		0	|		0			|		0			|		0	|			0		|	0		|			0		|		0		|	0		|			0			|
	(-)=27					||		0	|		0	|		0		|		3		|		3	|		0		|		0		|		0		|		0		|		0		|		-2		|		3		|		-2		|		3		|		-2		|		3		|		3		|	3		|		3	|		3	|		0			|		0			|		0	|			0		|	0		|			0		|		0		|	0		|			0			|
	CLOSE_FD(i&>j)=28		||		0	|		0	|		0		|		0		|		0	|		0		|		0		|		0		|		0		|		0		|		-2		|		0		|		-2		|		0		|		-2		|		0		|		0		|	0		|		0	|		0	|		0			|		0			|		0	|			0		|	0		|			0		|		0		|	0		|			0			|
